1.000000 -0.281146 0.022026 0.350225 -0.426899 0.152215 0.552310 0.229423 0.419909 0.158988 0.313352 -0.088142 -0.267929 -0.324017 0.021709 0.261212 -0.059530 0.287091 -0.275842 0.153611 0.152766 0.051974 -0.015426 -0.253766 0.161419
-0.430490 1.000000 0.330641 0.268813 -0.156621 0.454465 -0.401820 -0.344968 -0.131565 -0.454776 -0.182623 -0.025938 0.301936 0.541606 0.106540 0.174724 0.088581 0.211279 -0.451853 0.156595 -0.411644 -0.067617 0.220100 0.319831 0.106597
0.107066 -0.039806 1.000000 0.118242 0.033658 -0.495750 0.711375 0.220110 -0.244649 -0.136263 0.479898 0.203248 0.299676 -0.055153 -0.320596 0.471708 -0.022819 -0.037470 -0.415962 0.347300 -0.074742 0.280284 0.189768 -0.461077 -0.114377
0.416774 0.261737 -0.116033 1.000000 0.434876 -0.536796 -0.188213 -0.238981 -0.076398 -0.249596 0.261539 -0.427086 0.540178 0.270259 -0.070193 0.413122 -0.211388 -0.240226 -0.118148 -0.104971 0.436340 -0.246912 -0.025092 -0.053840 0.496976
-0.379648 -0.078591 -0.070420 0.395936 1.000000 0.007979 0.257314 -0.008360 -0.322284 -0.277045 0.431174 0.350656 0.229162 -0.272126 -0.133376 0.306786 -0.296326 0.034462 0.312428 -0.036503 0.418246 -0.569562 0.116227 0.066341 0.246384
0.251517 0.390710 -0.229953 -0.319874 0.108723 1.000000 -0.565389 -0.357484 -0.042512 -0.715283 -0.150397 0.432830 -0.147066 -0.288421 0.077752 -0.434487 -0.504921 -0.073208 0.333190 -0.243666 0.080633 0.004833 -0.098884 0.557813 -0.409766
0.593114 -0.217157 0.790610 -0.129902 0.236870 -0.209216 1.000000 -0.154803 0.999121 0.135173 -0.470461 0.244322 -0.073384 0.154330 -0.326134 0.323565 0.012687 0.256090 0.079542 0.281889 -0.239143 0.322228 -0.173839 0.021897 0.063023
0.142132 -0.061115 0.188935 -0.261169 0.116901 -0.352833 -0.312876 1.000000 -0.237572 0.139706 -0.211207 -0.152324 -0.512433 -0.348142 0.052672 -0.171045 -0.343695 0.025400 0.502479 0.071180 -0.019855 0.118421 -0.197479 0.033055 0.215596
0.213390 -0.160159 0.022628 -0.142932 -0.134532 -0.037468 1.000000 -0.064951 1.000000 0.068399 0.681296 0.058554 -0.342845 0.224898 0.019665 0.121378 -0.271142 0.139770 0.277470 0.048450 0.019165 0.680503 -0.308544 -0.468423 0.012103
0.190931 -0.251223 -0.247225 -0.329861 -0.081063 -0.495075 0.140184 0.127470 0.065661 1.000000 0.030118 0.439668 0.161676 0.077887 -0.047042 -0.362701 -0.105301 0.574357 -0.038391 -0.173113 -0.287918 -0.141203 0.149448 -0.103263 0.060325
0.156789 -0.270128 0.730412 0.108618 0.447782 -0.109943 -0.639295 -0.207175 0.784751 0.124301 1.000000 -0.107298 0.474296 0.027294 -0.439292 0.238248 0.215323 -0.016855 0.136946 -0.007089 -0.436320 -0.016771 -0.187675 -0.087081 0.094691
0.010005 0.226554 0.105752 -0.687411 0.320753 0.363490 0.052288 -0.010177 0.014532 0.552738 -0.258053 1.000000 -0.390981 0.060032 0.106511 0.206001 0.263616 -0.101593 -0.010037 -0.110530 0.146322 -0.272847 0.087647 -0.033451 -0.171363
-0.504213 0.231825 0.309016 0.437843 0.264892 -0.101246 0.010547 -0.139717 -0.176557 0.284395 0.345531 -0.208254 1.000000 -0.231986 0.468247 -0.170221 -0.478207 0.100783 -0.204080 -0.252830 -0.005797 -0.245893 0.495099 0.237722 -0.021966
-0.405540 0.344198 0.007329 -0.222234 -0.323754 -0.203098 0.012934 -0.168390 0.108620 0.033113 0.064950 -0.081376 -0.023026 1.000000 -0.571769 -0.495407 -0.212768 0.182071 -0.622003 -0.439001 0.841862 0.316876 0.142846 0.268492 0.423393
0.021171 0.137389 -0.250688 -0.190989 -0.126643 0.305146 -0.412116 -0.039886 -0.100959 -0.103296 -0.242237 -0.070364 0.558012 -0.518356 1.000000 0.058163 0.138818 -0.444112 0.477036 -0.114316 0.048527 -0.024977 -0.122526 -0.097045 0.383484
0.385967 -0.076677 0.447130 0.530417 0.376876 -0.489284 0.325704 -0.089989 0.115648 -0.272765 0.325671 0.055569 -0.009358 -0.355935 -0.015428 1.000000 -0.043586 -0.362676 0.198162 0.058341 -0.392996 0.105564 0.179958 0.198157 0.408065
-0.026584 0.259775 0.051105 -0.292730 -0.207272 -0.809378 -0.171393 -0.555736 -0.067323 -0.090170 0.525506 0.069610 -0.372126 0.108058 -0.033468 -0.163512 1.000000 -0.060749 -0.685320 -0.131551 -0.419701 0.063730 0.036372 0.125606 0.294046
0.059378 0.349590 -0.038622 -0.356727 -0.126461 -0.169019 0.054000 0.110688 0.398637 0.572660 -0.084036 -0.179120 0.109372 0.185315 -0.179107 -0.174746 -0.218202 1.000000 0.095456 -0.196136 0.182042 -0.554328 0.105108 -0.365310 -0.060228
-0.453662 -0.288273 -0.253314 -0.298014 0.211548 0.477259 -0.062916 0.384589 0.522676 0.052384 0.110368 -0.227115 -0.212952 -0.560362 0.343366 0.145982 -0.771884 0.095801 1.000000 -0.064769 0.198882 -0.178899 -0.485445 -0.223270 0.385168
0.104016 0.036778 0.175331 0.005596 -0.128709 -0.065631 0.276003 0.064145 0.081014 -0.189403 0.277827 -0.383748 -0.113076 -0.558774 -0.027162 0.168689 0.086056 -0.020572 -0.062111 1.000000 -0.113880 -0.168761 0.049648 -0.064796 -0.274618
-0.078382 -0.558086 -0.064328 0.148792 0.679641 -0.042720 -0.046426 0.177905 -0.094856 -0.170477 -0.427138 0.092227 -0.071318 0.690893 -0.114402 -0.412770 -0.532441 0.225234 0.002376 0.244542 1.000000 0.212142 -0.305019 0.272951 0.382193
-0.063269 -0.044735 0.357426 -0.391739 -0.506239 0.025487 0.352713 -0.357795 0.469657 -0.104707 0.379485 0.016143 -0.383101 0.314946 0.071918 -0.048352 0.222744 -0.480367 -0.069207 -0.296278 0.172370 1.000000 0.349984 0.073614 -0.185832
0.018098 0.330488 0.161550 0.007172 0.084976 -0.272725 -0.165189 -0.349179 -0.303233 0.360530 -0.359544 -0.029412 0.488328 0.118274 -0.181693 0.016792 0.089295 -0.039088 -0.370777 -0.007817 -0.386254 0.441715 1.000000 0.289982 -0.290208
-0.223692 0.521631 -0.148907 -0.233044 0.204223 0.574985 -0.112481 -0.048021 -0.200920 -0.116594 -0.059447 -0.066612 0.213146 0.258543 -0.304665 0.157291 0.081703 -0.103643 -0.565302 -0.146651 -0.101431 0.133231 0.113696 1.000000 0.242961
0.159625 0.226260 -0.167188 0.575102 0.296327 -0.337977 0.028026 0.379292 0.070516 0.038776 0.202700 -0.319375 0.264645 0.632563 0.393230 0.493202 0.295884 -0.012739 0.235355 -0.340347 0.357436 -0.197712 -0.263863 0.057386 1.000000
