1.000000 0.454460 0.554912 0.254063 0.596167 0.087214 -0.294830 -0.241660 -0.132635 -0.009420 -0.329295 0.143043 0.385512 -0.142330 0.163430 0.129164 -0.056744 0.446668 0.190509 0.649152 0.034577 -0.051472 0.022349 -0.055168 0.260529
0.497808 1.000000 -0.239132 0.494228 0.657236 0.209290 0.317213 -0.329093 -0.005353 0.351288 0.333504 0.092750 0.007534 0.255793 0.226595 0.091065 -0.160298 -0.090847 0.297126 -0.003446 0.293022 -0.036777 0.104699 0.087314 -0.039860
0.286134 -0.212814 1.000000 -0.588843 -0.005297 0.176977 -0.628287 0.052192 0.140108 0.268450 0.093974 -0.003923 0.400285 0.445694 0.592759 -0.148962 0.089050 0.106735 -0.260428 -0.012990 0.543529 0.000181 0.012558 0.618628 -0.107993
0.243745 0.304410 -0.476717 1.000000 0.323428 -0.004440 0.013614 0.125578 -0.070040 -0.548996 0.394755 -0.016537 0.082249 0.183257 -0.003340 -0.240447 0.044024 0.064536 -0.100489 -0.140577 -0.372646 0.350563 0.110382 -0.133101 -0.179501
0.420017 0.852567 -0.052984 0.206664 1.000000 -0.036514 -0.717011 0.191910 0.270422 -0.648236 0.210720 0.511601 -0.046548 -0.009842 -0.896696 0.037615 0.302955 0.137187 0.144982 0.430952 -0.130803 -0.269323 0.312044 0.156153 0.221414
-0.020241 0.229771 0.361601 0.012991 0.048992 1.000000 -0.520220 -0.189433 -0.076734 0.089399 -0.249848 -0.090666 -0.088303 -0.096895 -0.294425 0.131360 0.157233 0.056247 -0.265862 0.524202 -0.347533 0.204744 0.254298 0.247314 0.266980
-0.552738 0.073212 -0.289707 -0.165867 -0.619797 -0.480188 1.000000 -0.476915 0.224982 0.247513 -0.379529 0.072114 -0.180770 0.234525 0.093302 -0.191613 0.210661 -0.238008 0.167900 -0.197204 0.304863 -0.408402 -0.033569 -0.414735 0.046629
-0.240990 -0.196983 0.019101 -0.043067 0.256960 -0.060578 -0.404021 1.000000 0.406480 -0.642493 0.559787 -0.517360 -0.115042 0.515553 -0.075855 -0.171172 -0.055728 0.041191 0.005674 0.122009 0.063464 0.053101 -0.083093 0.061077 -0.553682
-0.137440 -0.131109 0.080145 0.014593 0.208792 -0.094888 0.283007 0.189340 1.000000 0.238305 -0.116492 0.333528 0.000725 -0.063544 0.111895 -0.029746 0.238739 -0.297727 -0.422549 -0.327065 0.178536 0.174090 -0.047954 0.547789 0.008433
-0.015778 0.278304 0.102483 -0.410892 -0.641591 -0.141583 0.072338 -0.321197 0.203406 1.000000 -0.037806 -0.245089 0.102049 -0.079385 0.169532 0.315339 0.284644 -0.368317 -0.604398 0.347792 -0.232986 0.320760 -0.333522 -0.218620 0.238267
-0.229999 0.189576 -0.103829 0.306707 0.485424 -0.490349 -0.214822 0.578824 -0.036414 0.089669 1.000000 -0.541499 -0.048577 0.374438 -0.140126 -0.385880 -0.233612 0.292126 0.371382 0.205201 -0.247204 0.376650 -0.035033 0.210153 -0.582878
0.235841 0.234876 -0.054909 0.021740 0.328142 0.092705 0.076015 -0.291604 0.369473 -0.112170 -0.370356 1.000000 -0.221292 0.250185 -0.205140 0.242973 -0.177548 -0.819327 -0.424022 0.402087 0.129070 -0.047091 0.347970 -0.207212 0.011704
0.337931 0.266707 0.354897 -0.156958 -0.071802 -0.056037 0.026582 -0.282622 0.036035 -0.012040 -0.058658 -0.252090 1.000000 -0.053594 -0.152596 -0.566854 -0.058350 0.016655 0.266847 -0.267681 -0.216229 0.091566 -0.117714 -0.052518 0.332349
-0.234444 0.378564 0.469905 -0.014120 0.278774 -0.254847 0.475474 0.483919 -0.049092 -0.275883 0.274772 0.363288 0.022853 1.000000 -0.055004 -0.462779 0.263824 0.628209 -0.139951 -0.136643 -0.541610 0.349764 0.093968 -0.235383 0.115398
0.135543 0.306563 0.616249 -0.041419 -0.793204 -0.078368 0.129456 0.127738 0.092075 -0.058654 -0.232790 -0.096905 -0.231657 0.243409 1.000000 -0.110022 0.186936 -0.298142 -0.329367 0.164807 -0.461471 0.132035 0.123173 -0.447391 0.191040
-0.036467 -0.089178 -0.108528 -0.240250 0.145154 0.103054 -0.114113 0.032016 0.077579 0.400441 -0.286129 0.146165 -0.499163 -0.485711 -0.017528 1.000000 -0.034655 0.198024 0.003703 0.375428 0.014396 0.330360 -0.036554 -0.035175 -0.042154
-0.113887 -0.341721 0.171038 -0.225551 0.262822 0.170142 0.364875 0.049479 0.107334 0.274274 -0.099976 0.022099 0.087784 -0.069286 0.171659 0.117644 1.000000 0.303064 0.028493 -0.091080 -0.045149 0.133565 -0.012804 -0.057733 0.148366
0.392925 0.021279 0.090466 -0.117488 0.012985 0.078576 -0.123903 0.165342 -0.208281 -0.360687 -0.157092 -0.917444 0.080831 0.530043 -0.526146 0.371691 0.246485 1.000000 -0.199293 -0.092464 -0.010096 0.713083 -0.420642 -0.108593 0.187774
0.018017 0.293864 -0.108923 -0.423399 0.009288 -0.271990 0.223012 0.053625 -0.508049 -0.231667 0.161901 -0.375135 0.222003 -0.286760 -0.332993 -0.089975 0.271459 -0.238114 1.000000 -0.003404 -0.062620 0.140947 0.204696 0.088809 0.511831
0.852099 -0.077316 -0.072430 -0.040768 0.495180 0.370523 0.022894 -0.037467 -0.192533 0.113705 0.083504 0.313104 -0.193398 -0.047986 0.245955 0.505726 -0.019556 -0.085158 0.238866 1.000000 -0.332115 -0.031252 0.065052 0.669867 -0.167016
0.181003 0.410502 0.512843 -0.445159 -0.088884 -0.378143 0.038388 0.074062 0.133926 -0.275032 -0.108000 0.026185 -0.104271 -0.425217 -0.178391 0.078764 -0.036045 0.072906 -0.127562 -0.459941 1.000000 0.089243 -0.129304 0.411334 -0.483455
-0.228378 0.067986 -0.199639 0.142680 -0.173718 0.030725 -0.494814 -0.119377 0.080810 0.325314 0.367661 -0.089213 0.052086 0.323051 0.192587 0.358446 0.099234 0.464098 0.097053 0.109838 -0.098232 1.000000 -0.014083 -0.006799 0.341127
0.143315 -0.190789 -0.225136 0.074116 0.113191 0.191829 -0.031300 -0.145108 0.058323 -0.318115 0.107245 0.393646 0.061869 0.173101 0.201528 -0.044002 0.140140 -0.419364 0.415442 -0.252583 -0.083592 -0.045593 1.000000 -0.042922 0.195425
0.039162 0.259918 0.427801 -0.067604 0.239810 0.171552 -0.574135 0.044700 0.477583 -0.249025 0.300462 -0.380721 -0.039935 -0.298595 -0.160946 0.174921 -0.059794 -0.087458 0.068798 0.770543 0.374177 0.037151 -0.185640 1.000000 -0.299107
-0.030378 -0.142063 -0.022553 -0.178066 0.269545 0.032178 0.146426 -0.454304 -0.062380 0.081993 -0.516610 0.197608 0.493030 0.095752 0.208071 -0.048127 0.149316 0.055524 0.417506 -0.258478 -0.433059 0.217322 0.137428 -0.303628 1.000000
