1.000000 -0.548180 0.577712 0.789811 0.139956 0.565742 -0.058094 0.496685 -0.247159 -0.105650 -0.332699 -0.445428 -0.474257 -0.338317 0.328309 -0.329996 -0.048724 -0.076337 -0.240241 -0.486182 0.135269 0.339951 -0.464375 -0.258494 0.516803
-0.676620 1.000000 0.396568 0.304092 0.522478 -0.248535 -0.167719 0.626152 0.024984 0.291917 -0.406072 0.204779 -0.451724 0.067758 0.117549 0.271899 -0.737836 -0.579060 0.481523 -0.057876 -0.007723 0.339591 -0.341000 0.616837 0.149160
0.277581 0.277963 1.000000 -0.532069 -0.147529 -0.362530 -0.330934 0.387909 0.703394 -0.443435 0.223524 0.157128 0.222996 0.011785 -0.202579 -0.400328 -0.118161 -0.150400 0.033515 0.167029 -0.606077 -0.095151 0.376780 -0.724507 0.311475
0.652919 0.341632 -0.796331 1.000000 0.352567 0.114280 1.000000 -0.476632 0.481778 -0.262419 0.264582 0.648935 0.256025 -0.315296 -0.683234 -0.274147 0.327153 -0.568816 0.098723 -0.046650 -0.030389 -0.317338 0.472106 0.167049 0.608322
0.379550 0.271250 -0.199044 0.488545 1.000000 0.363725 0.124169 -0.039302 -0.570977 -0.016891 -0.411219 0.276357 -0.322736 -0.570474 -0.485923 0.345056 0.022809 -0.601429 -0.048456 -0.132312 -0.405818 -0.315484 0.411655 0.322074 0.402056
0.448061 -0.199032 -0.147213 0.241918 0.206183 1.000000 -0.511490 -0.408851 -0.219050 0.034040 -0.917070 -0.142979 0.614625 0.485025 0.619131 0.047235 -0.417013 0.898970 -0.005072 0.033098 -0.142162 -0.097489 0.025638 0.204221 -0.161096
-0.347486 -0.114441 -0.550763 0.986335 0.132405 -0.371246 1.000000 0.408377 0.336725 -0.136894 0.329720 -0.012787 -0.332310 0.236734 -0.296466 -0.031696 0.344245 0.086494 0.024321 -0.764547 -0.258752 -0.077973 0.284414 0.249310 -0.164984
0.619053 0.488949 0.590123 -0.070619 -0.005761 -0.239447 0.293143 1.000000 -0.301047 -0.176982 -0.158274 -0.157163 0.475003 0.075377 -0.640479 -0.136051 0.502657 -0.124403 0.117484 -0.136955 0.137060 -0.556632 -0.325531 -0.185686 -0.016031
-0.385917 0.068520 0.579419 0.294814 -0.637283 -0.297202 0.415123 -0.356143 1.000000 0.604394 0.084305 0.265353 -0.008541 -0.953630 0.112486 0.095681 0.375242 0.070692 -0.071713 -0.007179 -0.390199 0.086145 0.435948 0.410158 0.360786
0.120805 0.076922 -0.379807 -0.126626 0.033739 -0.079734 -0.008181 -0.172421 0.422338 1.000000 0.247875 0.128798 0.698495 -0.321475 -0.381214 -0.124434 0.088161 0.143409 0.155072 0.683323 0.452905 0.629103 -0.016872 -0.902487 -0.287469
-0.340054 -0.107376 0.010724 0.290379 -0.275386 -0.780816 0.489821 -0.051378 0.039007 0.128949 1.000000 -0.479917 0.170423 -0.921174 -0.056555 -0.139828 -0.201707 0.068380 -0.468331 -0.122519 0.104816 0.216019 0.212557 -0.245172 -0.413737
-0.345423 0.226946 0.075783 0.605427 0.278949 -0.260601 0.066722 -0.410344 0.342631 0.004778 -0.556964 1.000000 0.138997 -0.215885 0.081800 -0.017695 0.686966 -0.399347 -0.259179 -0.231128 -0.209654 -0.587141 0.671217 -0.333805 -0.461649
-0.489051 -0.458807 0.389963 0.343415 -0.283355 0.760859 -0.408523 0.261468 -0.061981 0.433321 0.087526 -0.003299 1.000000 0.142228 0.146750 -0.328080 0.425898 -0.065579 -0.279199 -0.677770 -0.777824 0.489751 0.078075 0.508610 0.486097
-0.236150 0.341789 0.088593 -0.231204 -0.381760 0.456610 0.290488 0.081174 -0.829611 -0.384753 -0.874044 -0.181269 0.070304 1.000000 -0.197440 -0.238041 0.627839 0.290465 -0.350307 -0.213096 0.451218 -0.306240 0.188493 0.077657 0.150117
0.297453 0.013611 -0.064489 -0.391209 -0.322169 0.508617 -0.433681 -0.738267 0.223987 -0.522500 -0.286861 0.017390 0.082832 -0.201049 1.000000 -0.272542 -0.241498 -0.356277 -0.184326 0.200081 0.105114 -0.844589 0.539818 0.553254 -0.021254
-0.536105 0.568210 -0.205351 -0.560783 0.409362 -0.086940 -0.090760 -0.094095 0.184630 -0.043421 -0.368061 -0.220894 -0.386869 -0.258929 -0.347719 1.000000 0.618446 0.378104 0.202566 -0.063907 -0.024684 -0.058557 -0.127691 0.589391 -0.448970
-0.276784 -0.804040 0.060975 0.248661 -0.230138 -0.290680 0.279577 0.516696 0.339998 0.127747 -0.132189 0.475450 0.746748 0.723811 -0.318933 0.602267 1.000000 -0.262836 0.212230 0.561476 0.221950 0.463713 0.237964 0.221711 -0.149938
-0.011667 -0.770597 -0.303876 -0.603424 -0.587659 0.915677 0.088388 -0.119832 0.186608 0.158798 -0.119377 -0.200500 0.171214 0.305867 -0.167298 0.436165 -0.411935 1.000000 0.247263 0.721929 -0.225073 0.573985 -0.555363 0.226980 -0.131337
0.027031 0.291304 0.398545 0.158716 -0.045006 -0.153468 -0.054586 0.090490 -0.156950 0.084408 -0.499289 0.091403 -0.199427 -0.180431 -0.194191 0.535146 0.235883 -0.181652 1.000000 0.111260 -0.371306 0.057276 -0.028379 0.320679 -0.155559
-0.394387 0.150903 0.201272 -0.106549 -0.259617 -0.233207 -0.611624 -0.084956 0.104288 0.763202 0.106429 -0.269313 -0.730297 -0.016506 0.404042 0.129651 0.556921 0.710190 -0.058233 1.000000 -0.666792 -0.374761 -0.010028 -0.015841 0.208884
-0.050496 0.152095 -0.495694 -0.002542 -0.453689 -0.171000 -0.080284 0.017989 -0.520369 0.465794 0.112834 -0.285453 -0.525337 0.554260 0.162667 -0.262406 0.199773 -0.433008 -0.243446 -0.645472 1.000000 0.127264 -0.612355 -1.000000 -0.178069
0.450446 0.334920 0.008182 -0.356424 -0.432462 -0.183240 -0.114944 -0.451399 -0.238156 0.571110 0.220184 -0.321815 0.337504 -0.373539 -0.575375 0.186164 0.131963 0.384999 0.136536 -0.583627 -0.014664 1.000000 0.043059 -0.685043 -0.073609
-0.396298 0.061839 0.410005 0.459953 0.603014 -0.139575 0.337380 -0.229588 0.526648 0.039778 0.023099 0.602872 0.104310 0.279448 0.601306 -0.183807 0.370081 -0.766550 0.114767 0.083384 -0.333663 -0.149541 1.000000 0.006438 0.518207
-0.267006 0.463621 -0.583272 -0.085368 0.334103 0.220160 0.338678 -0.219990 0.406734 -1.000000 -0.334676 -0.343461 0.514663 0.038173 0.488449 0.421143 0.228400 0.358058 0.236671 -0.173519 -0.996610 -0.684793 -0.037684 1.000000 0.390194
0.628025 -0.048492 0.132550 0.818573 0.152634 0.153904 -0.140812 0.000063 0.202854 -0.294697 -0.437905 -0.484443 0.652232 0.397856 -0.138046 -0.380126 -0.189502 0.183598 -0.306703 0.353420 -0.015875 -0.095911 0.217042 0.426148 1.000000
