1.000000 0.204815 0.167325 0.468354 -0.096150 0.301992 -0.002128 -0.616722 0.124976 -0.142473 -0.094933 0.147486 -0.157556 -0.479847 0.489314 -0.054628 0.655991 -0.445577 -0.133602 0.207702 -0.376434 -0.092841 0.082359 -0.054403 0.378239
0.174365 1.000000 -0.418691 -0.166515 -0.300755 0.282273 0.337602 -0.823837 -0.188175 0.200978 0.388402 -0.144994 -0.323220 0.010400 0.150489 -0.416556 0.334294 0.572940 -0.068624 -0.100401 0.149787 -0.607636 -0.500965 -0.231826 -0.606832
0.153210 -0.539556 1.000000 0.247594 0.063709 -0.627966 0.081436 0.449913 -0.168943 -0.119813 0.215086 -0.238087 -0.033327 -0.077961 0.421493 -0.118377 -0.061453 -0.003535 0.398305 -0.454704 -0.297147 -0.365932 0.005252 -0.078263 0.047226
0.366994 -0.073975 0.240584 1.000000 0.401662 -0.324705 -0.130826 -0.444791 0.373086 0.006148 0.323517 0.711790 0.104128 0.084192 0.011161 0.395641 0.411243 0.179765 0.219192 0.221856 0.333346 -0.177236 0.002230 0.008245 -0.158393
-0.014297 -0.186380 -0.169964 0.479347 1.000000 0.077287 0.713237 -0.149509 0.061527 0.465967 -0.312988 0.136173 -0.157587 0.378923 -0.642940 -0.380264 -0.221339 -0.139021 -0.134741 -0.018554 0.516018 -0.429336 -0.446224 0.126249 -0.412369
0.391840 0.132445 -0.333496 -0.358138 0.294141 1.000000 -0.013452 0.464104 0.183151 0.249282 -0.462907 -0.146174 -0.138472 0.397847 0.299372 0.209877 -0.366895 -0.350017 -0.387128 -0.254056 -0.541613 -0.344407 0.461406 0.000336 0.593985
0.081987 0.589097 0.012381 -0.368277 0.666330 0.090519 1.000000 -0.466625 -0.150153 -0.113538 -0.023913 0.431322 0.035620 -0.473252 -0.640102 -0.091236 -0.122941 -0.014501 -0.628124 0.301393 0.279771 -0.163995 -0.194598 -0.055458 -0.180697
-0.400700 -0.650304 0.291827 -0.570430 -0.226096 0.326105 -0.286316 1.000000 -0.226216 0.256164 -0.085283 0.270806 0.139786 0.571241 0.640101 -0.277204 0.120841 -0.165663 0.000019 0.042229 0.034770 0.307050 -0.649179 -0.113051 -0.259737
0.012573 -0.084957 -0.165676 0.409790 0.104941 -0.140709 -0.122079 -0.237811 1.000000 -0.526432 -0.028137 -0.037534 0.308065 0.211595 0.108935 0.509511 -0.282374 0.574958 0.084910 0.131832 -0.793091 -0.136564 -0.325898 0.915442 -0.788121
0.065810 0.049761 -0.185534 -0.062528 0.504009 0.357588 0.010564 0.180763 -0.580319 1.000000 0.036879 0.294707 -0.490406 -0.333326 -0.244990 0.092113 0.043165 0.751872 -0.147982 -0.018023 -0.218535 -0.412197 0.456780 -0.185432 -0.694048
-0.025201 0.599490 0.215664 0.519220 -0.048542 -0.499274 -0.190975 -0.059178 -0.242892 0.215709 1.000000 0.165644 0.184661 0.193127 0.072029 0.312449 0.297193 0.084456 0.565183 -0.022746 -0.162673 0.371408 -0.237875 0.439114 0.439077
-0.024926 -0.176437 -0.144129 0.637082 0.084401 -0.170495 0.142913 0.209559 -0.112064 0.334646 0.156164 1.000000 -0.236888 -0.257813 -0.227545 -0.215359 0.276961 -0.324223 -0.134766 -0.642169 -0.174541 -0.214697 0.316191 0.351989 -0.226569
-0.098919 -0.337403 0.059269 0.063773 0.017998 -0.059538 0.169777 0.164160 0.315240 -0.544240 0.140460 -0.128777 1.000000 -0.124746 -0.162456 -0.355080 0.155779 -0.040942 -0.013507 -0.311747 0.342555 0.007070 -0.478523 0.297688 -0.025379
-0.621342 -0.428942 -0.101502 0.076495 0.163652 0.534825 -0.255148 0.572216 0.220045 -0.350370 0.018868 -0.270321 -0.233530 1.000000 0.128733 -0.220567 0.367368 -0.388035 0.221850 0.119880 0.401960 -0.362272 0.167497 0.147569 -0.405521
0.552312 0.216870 0.228806 0.213161 -0.506532 0.449533 -0.658270 0.619703 0.279758 -0.151200 0.110811 -0.154317 -0.244878 0.107981 1.000000 -0.122569 0.097436 -0.212303 -0.302595 -0.091760 0.039545 0.317791 0.562833 -0.768979 -0.110844
-0.180427 -0.267861 -0.075608 0.512529 -0.368733 0.433145 -0.143478 -0.253745 0.582795 -0.041509 0.262843 -0.086290 -0.376443 -0.549136 -0.031160 1.000000 0.940369 -0.170895 0.189927 -0.128408 -0.005838 0.239088 -0.283384 0.300277 -0.585960
0.523929 0.324873 -0.017565 0.336150 -0.331600 -0.281514 -0.055185 0.285094 -0.077655 0.192177 0.013156 0.159285 0.291514 0.226660 -0.037815 0.625379 1.000000 0.259912 -0.190127 -0.368933 0.125561 -0.703791 0.041696 -0.535289 -0.071456
-0.541279 0.651412 0.011793 -0.059828 -0.384012 0.004408 0.058550 -0.223581 0.914982 0.779470 0.026134 -0.281135 -0.070225 -0.384257 -0.097601 -0.099087 0.444532 1.000000 -0.387194 0.370132 0.091349 -0.036532 0.057259 -0.498528 -0.596780
-0.307266 -0.339761 0.296330 0.246153 -0.027290 -0.307226 -0.649377 0.018487 0.258928 -0.113303 0.600698 0.039640 0.051281 0.327039 -0.243966 0.365972 -0.059763 -0.239121 1.000000 -0.284054 0.543893 -0.049473 0.298325 0.142834 -0.206676
0.174539 0.087037 -0.229660 0.146419 0.015652 -0.200559 0.332341 -0.177575 0.376080 0.044719 0.036694 -0.525471 -0.067608 0.056811 0.045676 -0.267298 -0.504150 0.137520 -0.320613 1.000000 -0.316571 0.412044 -0.153075 -0.095457 0.225264
-0.359259 0.123568 -0.344789 0.383113 0.435211 -0.283656 0.073720 0.151586 -0.485607 -0.187601 -0.153030 -0.047699 0.317836 0.665199 0.036990 0.130505 -0.060525 0.209927 0.497393 -0.332287 1.000000 -0.100634 -0.055776 0.501980 0.017611
0.002859 -0.365058 -0.513080 -0.205666 -0.422542 -0.066750 -0.386303 0.256044 -0.204879 -0.554397 0.504458 -0.269584 -0.045205 -0.430345 0.285912 0.185470 -0.921882 -0.151430 0.024408 0.397987 0.052745 1.000000 0.246001 0.302119 0.395903
-0.004014 -0.285807 -0.060609 -0.331193 -0.396186 0.282344 -0.058474 -0.243011 -0.315733 0.243547 -0.069585 0.376598 -0.458148 0.110321 0.659963 -0.488088 0.095635 0.166989 -0.123546 0.099222 -0.166821 0.321965 1.000000 0.044802 0.116689
-0.153259 -0.211240 -0.009990 -0.021550 0.070319 0.247675 -0.241229 0.045351 0.847517 -0.062738 0.507864 0.384849 0.109004 0.106845 -0.829637 0.108035 -0.348492 -0.302553 0.213602 -0.088757 0.353415 0.044986 -0.192363 1.000000 -0.432547
0.249229 -0.716632 0.089025 -0.223758 -0.387221 0.486811 -0.097554 -0.291989 -0.766074 -0.373248 0.563062 -0.198771 0.059230 -0.443192 -0.404169 -0.315756 0.080466 -0.646526 -0.151465 0.152313 -0.177233 0.355734 0.096382 -0.307307 1.000000
