1.000000 -0.329248 0.212484 0.008110 -0.141487 -0.247243 0.075330 0.266083 0.461104 -0.134344 0.022271 0.039135 -0.273901 -0.142075 -0.056150 -0.212676 -0.244477 -0.231352 0.115488 0.072330 -0.305948 -0.288444 0.157038 -0.219024 -0.795319
-0.260463 1.000000 -0.225219 0.013508 0.270943 0.397156 -0.399907 -0.252195 0.775996 -0.068773 0.240215 0.061857 -0.465113 -0.241211 -0.267267 -0.075561 -0.206312 0.130594 -0.235327 0.025530 0.501130 0.106397 -0.202476 -0.188826 0.343623
0.166351 -0.198634 1.000000 -0.450490 0.111987 -0.165776 -0.057398 -0.102309 -0.574800 0.140064 -0.105005 0.015672 -0.292557 -0.214563 0.291277 0.195750 -0.085459 -0.014994 -0.254118 0.094875 -0.161917 0.118780 -0.425261 -0.054469 0.467831
-0.016898 -0.070491 -0.402669 1.000000 0.016193 0.031877 -0.215356 -0.245877 -0.211712 -0.174183 0.034582 -0.557558 -0.147004 0.032203 0.231339 0.110340 0.463697 -0.001790 -0.164426 0.178552 -0.847091 -0.474113 -0.408384 -0.287576 0.061247
0.015801 0.357784 0.123397 0.120879 1.000000 -0.046520 -0.362220 -0.075474 0.311958 -0.353614 0.041369 0.186515 -0.070645 0.233420 0.198688 0.063934 -0.465001 0.190364 -0.223105 -0.023769 -0.034172 -0.723739 -0.295589 0.331516 0.686757
-0.081338 0.329322 -0.220764 -0.077776 -0.118634 1.000000 0.318004 0.082028 0.031445 -0.108523 -0.378969 0.144368 -0.178140 0.441170 -0.016818 -0.164509 0.327236 0.087641 -0.023484 -0.023792 0.103970 -0.383128 0.352296 0.311681 0.163731
0.046683 -0.462831 -0.197352 -0.197794 -0.272596 0.632466 1.000000 0.166063 -0.768154 -0.033871 -0.090206 -0.217416 0.383678 -0.029902 0.406364 0.370256 0.708218 -0.024027 -0.099399 0.077157 -0.268189 -0.052113 0.116996 -0.157695 -0.485174
0.314966 -0.043062 -0.235804 -0.221435 -0.012988 0.149113 0.089728 1.000000 1.000000 0.144199 -0.070591 -0.205627 -0.104049 -0.364965 -0.023236 0.075169 0.320536 0.532561 -0.038586 0.109522 -0.289698 0.176430 0.047204 0.317155 -0.306344
0.496542 0.998121 -0.479158 -0.109144 0.022910 0.048795 -0.802548 0.878119 1.000000 -0.522015 0.291333 -0.166736 0.020916 -0.449122 0.059355 0.062228 0.210778 0.127255 -0.074896 0.025708 0.039742 0.311365 -0.061526 -0.196310 -0.429473
-0.026216 0.121377 0.230921 -0.139923 -0.209620 -0.107787 0.025553 0.132884 -0.368018 1.000000 -0.058982 -0.704558 0.347196 -0.119680 -0.394085 -0.258067 -0.258694 -0.173948 -0.199122 1.000000 -0.201122 -0.377921 0.364800 0.066966 -0.156863
-0.102494 0.161473 0.236152 -0.112801 -0.026601 -0.199677 0.049782 -0.261782 0.186361 -0.131057 1.000000 0.196665 -0.411729 -0.279528 0.197801 -0.224964 -0.459747 -0.118312 0.567964 -0.212317 -0.480175 -0.160997 -0.682721 1.000000 0.469670
-0.000059 -0.003054 -0.062080 -0.391504 0.189016 0.161031 -0.319352 -0.131207 0.011345 -0.600873 0.176152 1.000000 0.166008 -0.220711 0.154261 -0.230343 0.388401 0.301279 -0.074994 0.215680 -0.056041 -0.015902 0.292411 0.007975 -0.332580
-0.107769 -0.534484 -0.222450 -0.181105 -0.017363 -0.367242 0.137385 0.148402 0.076118 0.536694 -0.317205 0.204670 1.000000 0.211039 -0.149808 0.186518 -0.541415 -0.066822 0.086363 0.443264 0.414216 0.240947 0.146068 -0.581951 0.137350
-0.181722 -0.315967 -0.279881 -0.133072 0.326198 0.392620 0.115990 -0.298042 -0.502077 -0.010160 -0.345651 -0.258608 0.198341 1.000000 0.105133 -0.338759 0.086527 -0.502834 0.087717 0.176174 -0.349241 0.209285 0.088574 -0.498650 0.037053
-0.066065 -0.247668 0.163060 0.268063 0.298322 -0.284917 0.345956 -0.161294 0.005787 -0.355894 0.135395 0.202949 -0.132624 -0.061597 1.000000 0.240557 -0.173181 -0.577542 0.028687 0.068522 0.273822 -0.012300 -0.139551 0.385431 -0.203434
0.106019 -0.170403 -0.083937 0.204227 0.071113 -0.195162 0.591503 -0.257423 -0.163212 -0.330509 -0.405650 -0.161182 0.268594 -0.082003 -0.048865 1.000000 0.390133 -0.187968 0.047525 -0.220265 -0.378105 0.120101 0.088969 -0.779647 0.273528
-0.299313 -0.240950 0.031467 0.434171 -0.436152 0.399606 0.603307 0.421440 -0.042339 -0.378915 -0.623509 0.139784 -0.615896 0.131034 -0.127310 0.404477 1.000000 -0.161841 0.188576 0.195196 0.150517 0.135950 -0.137210 -0.093637 -0.074738
-0.171265 0.277503 0.203318 -0.097679 0.227461 0.196792 -0.015052 0.557771 -0.189575 0.094654 -0.213988 0.100740 -0.104055 -0.575466 -0.452528 -0.159715 -0.261743 1.000000 0.373313 0.383314 -0.019063 -0.187529 0.355788 0.228077 0.642156
0.014529 -0.223666 -0.144814 0.051244 -0.376344 -0.034236 0.023889 -0.269296 -0.026138 -0.055003 0.594039 0.098335 -0.171553 -0.160970 -0.103282 -0.044281 0.166171 0.434970 1.000000 -0.008447 0.282987 -0.068958 0.007503 -0.603748 0.269070
0.043396 0.120246 -0.000188 0.347919 0.259934 0.079810 0.224555 0.229378 0.153380 0.915477 -0.229367 0.161417 0.604125 -0.070600 0.050642 -0.181931 0.096491 0.388968 0.133158 1.000000 -0.211699 -0.083160 -0.881450 -0.462893 -0.049236
-0.151075 0.568780 -0.106296 -0.852630 -0.228275 0.091156 0.039332 -0.156737 0.006171 -0.025872 -0.564115 -0.103424 0.345929 -0.151528 0.351760 -0.357464 0.208137 0.059786 0.337998 -0.142360 1.000000 0.269964 -0.118823 0.208238 0.986318
-0.264605 0.164759 0.245257 -0.316020 -0.585195 -0.358096 -0.190832 0.067241 0.332349 -0.424818 -0.128899 -0.099379 0.374794 0.028969 -0.223852 -0.124559 0.137067 -0.269484 -0.046172 0.074643 0.342815 1.000000 0.066362 -0.017758 0.487702
0.073287 -0.169182 -0.303674 -0.105152 -0.326298 0.335667 0.087142 -0.016562 -0.203631 0.092229 -0.680061 0.363032 0.034058 -0.047070 -0.135212 0.139989 -0.093735 0.323645 0.090783 -0.829092 -0.397214 0.160418 1.000000 0.361503 -0.037761
-0.349053 -0.123099 0.020610 -0.352805 0.231942 -0.035909 -0.150769 0.288290 -0.195085 -0.152101 1.000000 0.065986 -0.740785 -0.316946 0.462360 -0.954891 0.079321 0.298747 -0.787457 -0.391919 0.185012 -0.140502 0.532733 1.000000 -0.654773
-0.700945 0.279112 0.581033 0.089036 0.539585 0.202140 -0.281087 -0.245190 -0.607082 0.014097 0.208903 -0.341852 -0.187088 -0.065909 -0.339505 0.215732 0.085457 0.627982 0.145755 0.245388 0.801870 0.424646 -0.029854 -0.539244 1.000000
