1.000000 -0.377885 -0.175271 -0.112382 -0.035020 -0.583608 -0.691715 -0.325924 -0.020949 0.608610 0.507033 0.051555 -0.370280 -0.291689 0.805852 -0.485813 -0.581961 -0.898085 0.197334 0.507083 0.088149 -0.395492 -0.184953 -0.306236 0.156984
-0.610354 1.000000 -0.114476 0.230784 -0.202529 0.102119 -0.004388 0.158242 -0.137602 -0.072132 0.250938 -0.130471 0.005704 -0.385879 -0.061616 -0.482837 -0.621897 0.332583 0.152414 -0.942381 0.025943 0.468113 0.116941 0.608034 0.157433
-0.063685 -0.082642 1.000000 0.071059 -0.082913 0.318100 0.382385 0.102353 -0.111146 -0.566532 -0.475384 0.070037 0.591596 0.125221 0.090485 -0.061188 -0.350673 0.758978 0.046704 -0.069218 -0.492701 -0.130106 0.344159 -0.137402 0.028795
-0.151326 0.189852 0.151126 1.000000 -0.236526 -0.075972 -0.102256 -0.001124 -0.442835 -0.075822 0.839152 -0.314785 0.182891 -0.644029 0.164533 0.599440 0.183513 -0.440648 -0.919866 -0.180134 -0.251922 -0.221649 0.429548 0.363057 -0.342497
-0.146260 0.146722 0.018204 -0.181525 1.000000 0.419823 -0.031749 0.179602 0.111098 0.335573 -0.081337 0.552517 0.300346 0.011495 -0.316609 -0.216730 0.612059 -0.409877 -0.423745 0.399421 0.004344 0.094286 -0.455178 -0.039145 -0.250683
-0.276370 0.033916 0.457202 0.048775 0.509616 1.000000 0.027874 -0.124180 -0.386124 -0.351597 -0.149495 -0.184816 -0.021331 -0.604323 -0.236176 0.292788 -0.060521 -0.486404 0.080848 -0.329008 -0.572799 0.275286 -0.035121 0.238704 -0.263005
-0.363839 -0.094782 0.414324 0.097032 -0.054604 -0.060882 1.000000 -0.249015 0.102001 -0.063438 0.021071 0.155317 0.038023 0.189419 -0.574305 -0.155764 0.257720 -1.000000 -0.192227 -0.213925 0.297867 -0.140879 0.282602 0.102559 0.505398
-0.387267 0.244601 0.280685 -0.185175 0.150997 -0.192390 -0.306493 1.000000 -0.091216 -0.560659 0.118680 0.788726 0.303957 0.434141 -0.379680 0.353504 -0.000777 0.183095 0.442181 0.414360 0.299494 -0.152982 -0.300755 0.303200 0.158787
0.085815 -0.180163 -0.212006 -0.539573 -0.028012 -0.272907 0.017446 -0.490892 1.000000 0.434905 -0.105932 0.011840 -0.443104 0.260852 0.011595 0.071682 0.169943 0.140749 -0.004987 0.265016 0.110611 0.040205 0.102768 -0.815042 0.668253
0.617122 -0.168630 -0.597504 -0.110135 0.243519 -0.210857 -0.010360 -0.507093 0.772979 1.000000 0.671275 -0.202448 0.446345 -0.061061 -0.347872 -0.103284 -0.325990 -0.220724 0.129496 0.654342 -0.208420 0.084667 -0.160939 0.162526 -0.186237
0.419234 0.540695 -0.199588 0.856512 0.015982 -0.242733 0.075111 -0.028357 -0.292654 0.719059 1.000000 0.815508 -0.017120 -0.285582 0.132896 0.363940 -0.035189 -0.357284 0.642261 -1.000000 -0.146968 0.393794 0.899716 0.157384 -0.376758
-0.005937 -0.189445 -0.057230 -0.261210 0.773548 -0.378749 0.341626 0.627595 0.028644 -0.084347 0.763104 1.000000 -0.160280 0.367915 -0.262713 0.486365 -0.257972 0.458523 -0.067811 -0.298731 0.443108 0.251229 -0.846943 0.551922 -0.247940
-0.305765 0.001868 0.788063 0.375441 0.450503 0.112927 -0.110144 0.272995 -0.253062 0.484067 -0.165079 -0.187084 1.000000 0.669780 0.122736 -0.061033 0.268947 0.206777 -0.321337 0.019109 0.188478 0.183212 -0.512545 0.420332 0.231003
-0.296347 -0.018480 0.065616 -0.447749 -0.012161 -0.507428 0.211638 0.453497 0.473312 0.122812 -0.444756 0.354762 0.776745 1.000000 0.327487 0.217042 -0.305874 -0.011362 -0.225052 -0.082607 -0.204492 -0.696565 0.145792 -0.300832 0.302496
0.714214 0.080415 0.219157 -0.121201 -0.481741 -0.196256 -0.677388 -0.280956 -0.085077 -0.342694 0.181199 -0.426030 0.317741 0.181952 1.000000 0.402839 0.139459 0.282866 0.316573 0.229642 0.267308 0.021695 -0.644207 -0.473777 0.369489
-0.354153 -0.484702 -0.128660 0.543894 -0.176031 0.433512 -0.152616 0.275997 0.181017 -0.035417 0.489037 0.313149 -0.194694 0.105174 0.176613 1.000000 -0.550313 -0.379160 -0.180220 0.340843 -0.270394 -0.124145 0.320832 -0.382396 0.216561
-0.519776 -0.466318 -0.271105 0.136029 0.555354 0.342016 0.288134 -0.048841 0.139693 -0.205564 0.193244 -0.039512 0.139540 -0.233198 0.330551 -0.572377 1.000000 0.262193 -0.004808 -0.207207 -0.128443 -0.414224 0.258564 0.364745 0.137590
-0.909704 0.226518 0.679779 -0.205988 -0.161146 -0.588682 -0.968466 0.041681 0.122980 -0.393440 -0.224412 0.365702 0.066170 0.008834 0.149768 -0.217850 0.033353 1.000000 -0.837604 -0.272099 -0.246041 0.334368 0.139736 0.370534 0.059220
0.296424 0.246203 0.290179 -1.000000 -0.425505 0.029953 -0.479461 0.512620 -0.030986 0.137196 0.624008 -0.326671 -0.234498 -0.037235 0.218517 -0.048749 0.101742 -0.684628 1.000000 0.228059 0.058409 0.119811 -0.255076 0.250391 -0.121176
0.312623 -0.817834 -0.127674 -0.142389 0.235457 -0.093766 -0.490377 0.274750 0.346556 0.629595 -0.906555 -0.118094 -0.076619 -0.173154 -0.020760 0.286662 -0.321585 -0.409015 0.081144 1.000000 0.429655 0.419014 -0.550417 0.176233 -0.170558
0.116521 -0.333832 -0.553951 -0.300893 -0.005363 -0.678606 0.173882 0.083264 0.035158 -0.179903 -0.193982 0.298160 -0.035098 -0.199662 0.151557 -0.372799 -0.215241 -0.032713 0.169333 0.295661 1.000000 0.354275 -0.100568 0.435660 0.217072
-0.645841 0.423253 -0.103526 -0.351987 0.232804 0.044851 -0.070662 -0.164456 0.254578 -0.203745 0.167501 0.235834 0.114876 -0.521446 -0.130237 -0.154633 -0.257174 0.554831 0.047237 0.472567 0.457272 1.000000 -0.344740 -0.367437 -0.070909
-0.073028 0.206068 0.208834 0.135081 -0.439665 0.057355 0.350426 -0.134207 -0.090535 -0.400721 1.000000 -0.593809 -0.402314 -0.130009 -0.714964 0.254175 0.410510 0.021850 -0.314876 -0.589820 0.066496 -0.477833 1.000000 -0.899849 0.263668
-0.210160 0.648857 -0.157117 0.373186 0.071787 0.277239 0.247245 0.513412 -0.959732 0.074835 0.114146 0.433534 0.582694 -0.369992 -0.510626 -0.199510 0.385791 0.334407 0.328353 0.150022 0.382803 -0.420008 -1.000000 1.000000 -0.342958
0.368596 0.189701 -0.031806 -0.202442 -0.208433 -0.258715 0.277805 0.190890 0.590120 -0.051691 -0.218509 -0.356888 0.160526 0.450565 0.439008 0.058651 0.055315 0.032854 -0.144937 -0.046435 0.486609 0.048577 0.217449 -0.478293 1.000000
