1.000000 0.340959 -0.180482 0.080420 0.223316 0.417046 0.123047 0.454573 0.009170 0.371363 0.027920 -0.093765 0.512740 0.310899 0.479610 -0.446423 0.126936 -0.445922 -0.476250 0.185942 0.010667 -0.117457 -0.400844 -0.191468 -0.006354
0.487487 1.000000 -0.375307 0.088724 0.281706 0.003022 -0.099368 0.268869 -0.210772 0.201008 0.183605 -0.158731 0.330381 0.051038 -0.283012 0.071297 -0.189410 0.026203 -0.097589 -0.037949 0.283065 -0.238692 -0.425390 -0.287211 -0.291676
-0.094494 -0.289681 1.000000 0.111222 -0.646050 -0.315511 -0.210829 0.031305 -0.290757 0.339454 -0.041772 0.357030 -0.170180 -0.370268 0.556696 0.233013 -0.588839 -0.277089 0.403633 -0.071237 -0.266531 -0.161421 -0.035716 0.290931 0.032159
0.050800 -0.090673 -0.004327 1.000000 0.342732 0.314982 -0.064225 -0.248486 -0.024864 -0.271938 -0.098721 -0.502906 -0.220048 0.252075 0.118252 0.019352 0.157158 -0.002356 0.458976 -0.086774 0.176784 0.199168 0.111070 -0.155674 0.048187
0.407014 0.315708 -0.548301 0.359563 1.000000 0.128413 -0.323606 0.039968 0.270201 -0.530975 0.081474 0.149993 -0.265379 0.159646 -0.153573 0.517721 0.186994 0.014990 -0.466050 -0.233608 -0.170338 -0.117890 0.068965 0.417478 0.205216
0.073764 -0.015421 -0.440962 0.147757 0.036740 1.000000 -0.122301 -0.318352 -0.076011 0.043530 0.075018 -0.384069 0.069516 0.020306 -0.009774 -0.041716 -0.088958 -0.123597 0.561381 -0.424235 -0.237731 -0.213799 -0.118110 0.183227 -0.148179
-0.026939 -0.069661 -0.026421 -0.072457 -0.176266 -0.106397 1.000000 -0.010072 0.082107 0.243051 0.023602 -0.292257 0.222680 -0.554664 0.575614 0.166601 0.062026 -0.079744 -0.074410 0.115698 0.069813 -0.410294 0.595703 0.093756 -0.134564
0.506587 0.176637 -0.090423 -0.185872 0.174966 -0.055188 -0.153524 1.000000 0.071958 -0.183279 0.022169 -0.169490 -0.285400 -0.018773 -0.191591 -0.299046 0.119777 0.332022 0.260777 0.290334 -0.421276 0.361164 -0.149466 -0.179654 0.486323
0.114631 -0.295027 -0.572387 -0.015000 0.323356 -0.019613 0.312114 0.007681 1.000000 -0.199954 0.127495 0.402455 0.135739 -0.002352 -0.293310 -0.145236 0.083613 0.384265 -0.422915 -0.047356 -0.303003 -0.358082 0.497244 0.150160 0.010245
0.373396 0.375184 0.143252 -0.237410 -0.548452 0.001941 0.138036 0.072125 -0.284450 1.000000 0.287311 0.027478 -0.252478 -0.124466 -0.068822 0.451989 0.149277 -0.057418 0.032786 0.068667 -0.271820 -0.142983 -0.169787 -0.002198 0.153276
0.104819 -0.013208 -0.047851 -0.206715 0.042242 -0.074736 -0.169545 -0.131890 -0.037045 0.308875 1.000000 -0.099301 -0.075826 0.069524 0.229254 0.189035 -0.393091 0.178660 -0.196785 -0.240294 0.022444 -0.552216 0.003678 -0.095810 -0.238282
-0.159893 -0.046026 0.442005 -0.542374 -0.004834 -0.375517 -0.287560 -0.089033 0.289765 -0.266114 0.052789 1.000000 0.000841 0.080385 0.470816 0.323506 -0.063075 -0.334282 0.174213 -0.148562 -0.214612 -0.163502 0.082189 0.016233 0.046883
0.583731 0.293945 -0.172095 -0.422637 -0.269876 0.103703 0.202699 -0.379571 -0.076561 -0.275122 -0.042330 -0.184171 1.000000 -0.109726 -0.235306 0.001721 -0.065536 0.000895 0.110711 0.137541 0.111319 0.866540 -0.196217 -0.017635 0.273599
0.553084 0.077255 -0.411761 0.340609 0.189415 0.152710 -0.401787 -0.030885 0.087637 -0.002692 0.159355 0.093761 0.020717 1.000000 -0.290293 0.196318 0.118074 -0.127629 0.141150 0.048656 -0.246565 -0.355612 -0.011007 -0.352429 0.160827
0.432855 -0.298681 0.547178 0.052120 -0.154211 -0.034510 0.477381 -0.017528 -0.471540 -0.052574 0.289430 0.140631 -0.086031 -0.150615 1.000000 0.203101 -0.113221 0.117831 -0.088704 -0.260538 0.208986 -0.013952 -0.183732 -0.350438 -0.458195
-0.378023 0.183015 0.250226 -0.177448 0.520261 -0.198063 0.077638 -0.225418 -0.328785 0.231467 0.055000 0.520685 -0.078882 0.193311 0.350736 1.000000 -0.102629 0.149808 -0.246493 -0.131700 0.192532 -0.013059 -0.036174 -0.155817 0.068590
0.070342 -0.398012 -0.503612 0.151217 0.280498 -0.204708 0.157522 0.342059 -0.039660 0.437308 -0.487408 -0.325412 -0.093653 0.229335 -0.044098 -0.176273 1.000000 0.309670 -0.275266 -0.025517 0.204639 -0.023871 -0.042970 0.075993 -0.156394
-0.335853 0.049330 -0.274806 0.126537 0.042323 -0.240475 0.303233 0.253670 0.303414 0.036275 0.097286 -0.452475 -0.027380 -0.095804 0.145792 -0.191916 0.424452 1.000000 -0.085784 -0.087942 0.206251 0.237077 0.104542 -0.142704 -0.218856
-0.448975 -0.179557 0.481104 0.344694 -0.558054 0.458705 -0.172461 0.087812 -0.474805 -0.401791 -0.268302 -0.212545 0.083224 0.232454 -0.040508 -0.077935 -0.365923 -0.297455 1.000000 0.059471 -0.035210 -0.020959 -0.008354 -0.150144 -0.349561
0.269998 -0.193887 0.122345 -0.181273 -0.289422 -0.129178 -0.087362 0.181367 -0.175971 -0.012750 -0.395659 -0.010333 0.216273 0.084015 -0.328775 -0.283136 -0.229588 0.016608 0.279139 1.000000 0.269899 0.020198 0.126539 -0.612857 0.186458
-0.058794 0.261128 -0.100918 0.199291 -0.142925 -0.186238 0.094893 -0.473850 -0.417710 -0.117086 0.071105 0.064068 0.234491 0.010810 0.301675 0.228468 0.145987 0.143137 -0.205387 0.303168 1.000000 -0.066523 0.228179 -0.064554 -0.262009
-0.332280 -0.308168 -0.201269 0.292482 0.140587 -0.121575 -0.062388 0.100740 -0.373415 -0.148276 -0.623879 -0.068843 0.830612 -0.373796 0.030408 0.262194 -0.231799 0.299175 -0.083075 0.099444 -0.161735 1.000000 -0.047853 -0.172621 -0.082641
-0.242147 -0.163619 -0.005358 0.082079 0.389862 -0.035959 0.380288 -0.007460 0.517843 -0.215117 0.013360 0.052045 -0.353934 0.064045 -0.156063 0.034938 -0.179750 -0.068872 -0.147107 0.245596 0.291601 0.071938 1.000000 0.122499 -0.099820
0.022936 -0.300625 0.143150 -0.426553 0.505746 0.382236 0.088098 -0.435923 0.092996 -0.177220 -0.179148 0.063739 -0.100092 -0.365579 -0.310332 -0.208628 0.079793 -0.195046 -0.109644 -0.458997 -0.113181 -0.182466 0.223935 1.000000 -0.033705
0.058286 -0.176469 0.087651 0.228698 0.183997 -0.193446 -0.033075 0.210720 0.011253 -0.174552 -0.172708 0.058332 0.300363 0.086659 -0.200618 -0.063744 -0.120369 -0.351052 -0.419746 0.333446 -0.109693 0.024550 -0.106172 0.015905 1.000000
