1.000000 0.248528 -0.595664 0.009753 -0.026743 -0.064731 -0.201092 0.554083 -0.427940 0.354326 0.079396 -0.201543 0.338888 0.304990 0.107272 -0.132950 0.092856 0.190620 -0.052581 0.159070 0.227433 -0.074687 0.440929 -0.134558 0.270881
0.279845 1.000000 -0.211198 0.421315 0.050916 -0.241210 0.598867 -0.466956 -0.522739 -0.150023 -0.148970 0.289983 0.132899 0.704063 -0.483291 0.059711 -0.330831 -0.274745 0.189290 0.070136 -0.028127 -0.514990 0.347429 -0.275348 0.013835
-0.813082 -0.166739 1.000000 0.073325 0.375210 -0.369684 -0.366571 -0.478915 -0.032524 0.140420 -0.218076 -0.246310 0.379159 -0.130587 -0.107823 -0.305834 0.233042 0.163797 -0.100470 0.263275 -0.084237 -0.268120 -0.645785 0.265396 -0.267969
0.025001 0.551067 -0.020006 1.000000 -0.249275 0.148059 0.097766 0.455188 0.041951 -0.013512 0.069243 0.037417 0.511116 -0.187644 0.569775 0.050159 -0.224313 0.078697 0.139009 0.286966 0.381294 -0.103271 -0.364702 0.155533 -0.308601
-0.122912 0.020282 0.330933 -0.230613 1.000000 -0.133313 -0.079584 -0.302687 -0.065570 0.162615 -0.060296 0.060801 -0.157879 0.310069 0.215368 0.139807 -0.026299 -0.002244 0.003040 -0.071865 -0.217202 -0.223303 -0.009027 -0.159379 0.328560
-0.016636 -0.168036 -0.411494 0.278957 -0.125462 1.000000 0.216014 0.043627 -0.372616 -0.507069 -0.285780 -0.018611 -0.073222 0.256283 0.435919 0.183635 -0.593476 0.631062 0.061529 -0.199837 -0.058555 0.150676 0.324267 0.292485 -0.204718
-0.247322 0.427800 -0.427762 -0.026835 -0.270543 0.455122 1.000000 0.279089 -0.024681 0.925948 0.102280 -0.191264 0.184626 -0.025105 0.035667 -0.105143 0.186901 0.079993 -0.127488 0.621317 0.229819 -0.326453 -0.356849 -0.227940 0.204739
0.603925 -0.234428 -0.313768 0.520742 0.113693 -0.069207 0.383270 1.000000 0.113948 0.386020 0.480601 -0.530821 -0.095506 -0.034615 0.295935 0.061037 0.242049 -0.314201 -0.252441 0.263278 -0.334818 0.660545 0.001694 0.291153 -0.294914
-0.337189 -0.318516 -0.082602 -0.127523 -0.178672 -0.283061 -0.158600 0.026287 1.000000 0.422417 -0.115967 -0.401237 0.141449 -0.290706 0.006448 -0.150322 -0.354674 0.620066 0.127509 -0.416573 0.074583 0.035737 0.234980 0.052304 -0.015370
0.413471 -0.038168 0.153978 -0.039249 0.176573 -0.743708 0.937854 0.377969 0.314838 1.000000 0.037401 -0.524091 -0.093738 0.529984 -0.010509 -0.383509 -0.033773 -0.541545 -0.216112 0.218025 -0.243519 -0.075631 -0.622608 0.028057 0.015668
0.131064 -0.081292 -0.109204 -0.031378 -0.142685 -0.273939 0.033858 0.719056 -0.154721 0.035648 1.000000 0.023071 0.523231 -0.326088 -0.033732 0.050317 -0.094090 0.123619 -0.438295 -0.153650 0.011561 -0.065729 -0.010473 -0.229034 0.061130
-0.288222 0.317810 -0.219505 0.148754 -0.200501 -0.034155 0.015590 -0.428471 -0.327212 -0.302203 -0.194105 1.000000 0.265473 -0.281777 -0.153943 0.090899 -0.124619 -0.220731 -0.174937 0.351097 0.191404 -0.336342 -0.114012 -0.260344 0.316249
0.269845 0.115502 0.503992 0.628415 -0.152756 -0.266780 0.217648 -0.112178 0.103366 -0.243215 0.625913 0.187395 1.000000 -0.638404 0.516392 0.205803 0.096835 -0.241515 -0.175434 -0.262459 -0.242140 0.290789 0.294507 -0.087540 0.009929
0.093115 0.706820 0.099230 -0.013003 0.365333 0.010481 0.039140 -0.142754 -0.205587 0.700038 -0.160980 -0.387234 -0.741497 1.000000 -0.604482 0.215828 0.206108 -0.115930 0.288630 0.392635 -0.227526 0.060264 0.080522 0.143447 -0.442672
-0.028874 -0.632555 0.006100 0.581873 0.332367 0.435072 0.227452 0.284665 0.300256 0.028356 0.125489 0.029931 0.350444 -0.644676 1.000000 -0.288876 -0.254350 -0.068067 0.123263 0.153568 -0.069682 0.437488 -0.004099 -0.096584 0.443895
-0.138378 0.157881 -0.100044 -0.115523 0.044594 0.308932 -0.101551 0.019493 -0.060917 -0.358986 0.208758 -0.055038 -0.054986 0.117011 -0.131964 1.000000 -0.226466 -0.454457 0.104972 0.207783 -0.313546 0.008421 -0.316959 -0.206059 -0.179307
-0.053499 -0.204752 0.182867 -0.246656 0.047754 -0.162414 0.140491 0.388921 -0.395892 0.010351 -0.055001 -0.042380 0.058690 0.156172 -0.240236 -0.253407 1.000000 -0.392981 0.136971 -0.086187 0.007964 0.025381 -0.041676 -0.016497 -0.029408
0.139105 -0.331249 0.258553 -0.212539 0.064488 0.609683 0.108314 -0.206227 0.509431 -0.595863 0.274960 -0.303836 -0.373518 0.056681 0.098262 -0.280788 -0.305843 1.000000 0.170077 0.055076 -0.066119 -0.270163 0.091919 -0.065284 -0.224842
-0.267894 0.315025 0.036195 -0.028643 -0.156539 0.157335 0.022572 -0.358124 0.043130 -0.215522 -0.130352 -0.290962 -0.117769 0.066557 0.044418 0.098755 0.231249 0.301116 1.000000 -0.155377 0.469543 0.020661 -0.056419 -0.151514 -0.337797
0.295673 0.430756 0.135903 0.332599 -0.113364 -0.037377 0.514839 0.332697 -0.191095 0.201664 -0.147518 0.151708 -0.431004 0.252650 -0.175786 0.228277 0.059612 -0.100144 -0.082897 1.000000 0.176936 0.141581 -0.070234 0.035577 0.385694
0.392411 -0.129917 -0.282700 0.361289 -0.187818 -0.094013 0.286842 -0.239472 0.085095 -0.235148 -0.177623 0.164245 -0.075610 -0.049263 -0.200109 -0.396393 0.239348 -0.147721 0.155528 0.116710 1.000000 -0.044611 -0.151811 0.315035 0.445432
-0.015295 -0.558182 -0.052619 -0.039899 -0.076593 0.218094 -0.393960 0.883404 -0.080620 0.078427 0.026148 -0.284565 0.289975 0.122058 0.320256 -0.153808 -0.134212 -0.458715 -0.110022 0.218027 -0.138132 1.000000 -0.174696 -0.293727 -0.166920
0.649673 0.145042 -0.564056 -0.267245 0.133927 0.278689 -0.294602 -0.001180 0.172392 -0.579904 0.042328 -0.341715 0.239396 0.233619 0.022986 -0.213897 -0.155132 -0.138282 -0.131534 0.146388 -0.191481 -0.301338 1.000000 -0.197333 -0.275382
-0.317278 -0.368432 0.088818 0.261826 -0.194378 0.306992 -0.201659 0.272964 -0.015830 0.058620 0.003836 -0.095680 -0.048417 0.096464 -0.151618 -0.133567 0.136504 -0.013549 0.071510 -0.041545 0.182915 -0.030827 0.002383 1.000000 -0.183055
0.385666 -0.041000 -0.162904 -0.305900 0.334677 -0.086612 0.259720 -0.101395 0.038855 0.023596 0.065943 -0.013998 0.168150 -0.379059 0.337017 -0.246011 -0.162014 -0.334845 -0.414226 0.672051 0.403599 -0.197494 -0.062705 -0.245670 1.000000
