1.000000 -0.072010 0.758321 0.162728 -0.470028 -0.152541 0.236839 -0.572826 -0.342984 0.065267 -0.210119 -0.353074 0.193165 -0.239751 0.277732 -0.026324 0.059558 -0.043653 0.379461 -0.259262 -0.124002 -0.307120 -0.277235 -0.166209 0.060971
0.153937 1.000000 -0.162236 -0.349267 -0.152005 0.007540 -0.458467 -0.101318 0.265869 -0.340969 -0.167759 -0.315627 -0.081996 -0.349534 -0.304385 0.023191 0.228084 -0.133487 0.023550 -0.263458 -0.338217 0.203446 -0.332032 -0.570926 0.134369
0.656992 -0.090764 1.000000 -0.873038 -0.086516 0.134941 -0.283365 -0.639946 0.422132 0.190060 0.075874 -0.271310 0.327514 0.196308 -0.541950 -0.194321 0.375128 0.014370 -0.127891 0.003767 0.140447 -0.738511 -0.385932 -0.412547 -0.050256
0.378083 -0.263399 -1.000000 1.000000 0.197242 0.026795 -0.265698 -0.491437 -0.453207 0.740286 -0.144495 0.587078 0.254630 -0.045953 0.327013 0.067057 -0.259738 0.156075 0.291484 -0.038124 0.114062 0.139588 -0.361496 -0.226417 -0.174114
-0.082632 -0.182472 0.006909 -0.021692 1.000000 0.180864 -0.443108 0.293750 -0.130387 -0.294501 0.393688 0.361839 -0.296044 0.095767 -0.837112 -0.467931 0.180187 -0.042923 -0.372680 0.519155 0.212495 0.870542 0.322242 -0.539883 0.327094
-0.312490 -0.054327 -0.048244 0.329267 0.314599 1.000000 -0.108253 -0.144741 0.126002 0.141081 -0.269764 -0.397728 0.050824 0.051012 -0.296221 -0.251726 -0.068860 -0.148719 -0.395403 -0.390486 0.148469 -0.035879 0.384903 -0.067585 0.332061
0.002186 -0.480909 -0.306174 -0.168602 -0.579201 -0.021288 1.000000 0.137966 -0.025621 -0.125370 -0.210717 -0.342944 0.198178 -0.122603 0.102672 0.026788 -0.342295 -0.054703 0.086809 0.453168 -0.137889 -0.025285 -0.639412 0.305858 -0.266209
-0.616804 -0.227428 -0.730658 -0.509364 0.367609 -0.120245 -0.055012 1.000000 0.162697 0.632141 -0.236001 -0.392943 -0.164090 0.396508 0.110863 -0.264647 0.177468 0.194441 -0.238304 -0.332201 0.085464 0.092642 -0.058436 -0.382989 0.096006
-0.146389 0.147709 0.462504 -0.309634 -0.378903 0.101633 0.041101 0.081829 1.000000 0.354788 -0.451039 0.000441 -0.227972 -0.077967 0.039608 -0.125127 0.218103 0.192804 0.093880 0.101879 0.324545 0.398036 -0.816462 -0.004222 -0.625677
0.060132 -0.357564 0.324460 0.678646 -0.294458 0.098225 -0.092856 0.652914 0.236380 1.000000 0.631411 0.033797 -0.253606 0.313422 0.306269 0.332299 -0.178352 0.360582 0.229222 0.381961 0.486991 -0.777576 -0.131811 -0.325579 -0.483844
-0.377356 0.000205 0.101688 -0.153472 0.375078 -0.372174 -0.140831 -0.326903 -0.478801 0.620281 1.000000 0.101857 -0.181543 -0.512064 0.485760 -0.196910 -0.028353 -0.423856 -0.226075 0.827112 0.208904 -0.243207 -0.761784 0.055626 -0.221204
-0.295113 -0.303615 -0.365134 0.675739 0.221841 -0.255235 -0.369908 -0.462855 0.040059 0.070402 -0.097814 1.000000 0.006978 -0.474313 0.020171 0.422064 0.146841 0.245677 0.219776 0.241617 0.277942 -0.016226 0.632594 -0.421470 0.012272
0.492721 -0.008726 0.219056 0.334911 -0.369174 -0.022576 0.263302 -0.072848 -0.205981 -0.216803 -0.079455 -0.163666 1.000000 0.361354 -0.462645 -0.114632 -0.200593 -0.573709 -0.055871 0.108700 0.028444 -0.107783 -0.068308 0.342834 -0.590896
-0.470053 -0.270123 0.289945 -0.160988 0.186544 0.124376 -0.062763 0.671196 -0.261898 0.345827 -0.100207 -0.398993 0.167090 1.000000 -0.038451 -0.778697 -0.123859 -0.212997 -0.033803 0.190676 -0.603017 0.243422 -0.390398 -0.132044 0.419046
0.121122 -0.185758 -0.540706 0.206397 -0.568004 -0.283963 -0.035294 0.196618 0.146761 0.413058 0.719357 -0.218996 -0.516138 -0.065152 1.000000 0.006282 0.175202 0.387116 0.261449 -0.129113 0.054598 -0.357517 -0.106582 -0.315219 -0.062539
0.117188 0.120827 -0.267176 0.252038 -0.567806 -0.039344 0.168406 -0.333276 -0.240008 0.287080 -0.237088 0.450543 -0.185868 -0.807733 -0.185278 1.000000 -0.065927 0.291769 -0.018404 -0.317807 0.521475 0.425272 -0.090030 0.090200 -0.504770
-0.046805 0.171628 0.403310 -0.103853 0.165968 0.041541 -0.196986 0.167631 0.263061 -0.096926 0.027281 0.101825 -0.345009 -0.017708 0.095014 -0.166623 1.000000 0.153170 -0.760243 0.075522 -0.178207 -0.030483 -0.157513 0.233051 -0.001890
-0.373097 -0.202101 -0.069871 0.332013 -0.078592 0.054101 -0.090841 0.211147 0.029270 0.445749 -0.398386 0.338140 -0.668433 -0.025554 0.143243 0.313129 -0.023883 1.000000 -0.007736 -0.087549 0.355830 0.149450 -0.081806 -0.064364 -0.014660
0.384943 0.207724 0.378207 0.267921 -0.043166 -0.243043 0.032558 -0.222365 0.109402 0.298749 -0.270766 -0.056378 -0.330264 -0.060914 0.102298 -0.044329 -0.769585 -0.072756 1.000000 -0.222782 0.125887 0.318698 0.101459 0.013423 -0.026173
-0.112520 0.054426 0.146272 0.116070 0.399518 -0.488595 0.496257 -0.297718 0.219130 0.470642 1.000000 0.402529 -0.035461 0.163172 -0.107937 -0.371879 0.265123 -0.115941 -0.121974 1.000000 0.215568 0.072062 0.300046 0.040262 -0.176134
-0.136817 -0.239568 0.208844 0.099290 -0.090334 -0.113851 -0.151928 0.065003 0.426169 0.442611 0.232815 0.315903 0.067737 -0.583618 0.019706 0.659367 -0.324247 0.175364 -0.051060 0.171989 1.000000 -0.255036 0.158700 0.414561 0.008111
-0.350240 0.272475 -0.479211 -0.029363 0.760564 -0.160740 -0.124721 0.096160 -0.164937 -0.818555 -0.294313 0.034148 -0.166828 0.103308 -0.532715 0.307583 0.269026 0.441085 0.119604 0.035392 -0.417265 1.000000 -0.545958 -0.027164 0.144882
-0.264188 -0.336842 -0.274705 -0.096801 0.312360 0.227333 -0.659866 -0.022249 -0.838305 -0.205303 -0.813191 0.589051 0.261288 -0.351414 -0.132799 0.022165 -0.111021 -0.084542 0.127016 0.568406 0.393173 -0.657070 1.000000 0.085407 0.075819
-0.314902 -0.487863 -0.279009 -0.086993 -0.567768 -0.270069 0.132041 -0.259274 0.294668 -0.302128 0.096414 -0.413233 0.285949 -0.265080 -0.593466 -0.109214 0.147551 -0.130063 -0.203479 0.196341 0.308213 0.201678 -0.021986 1.000000 -0.373995
0.152413 0.123659 -0.087810 -0.025871 0.473026 0.275900 -0.382377 0.163778 -0.713927 -0.261949 -0.146892 0.031546 -0.169001 0.580836 0.010274 -0.166277 -0.145770 0.244987 -0.203467 -0.053229 -0.088109 0.112152 0.000877 -0.301062 1.000000
