1.000000 0.181330 -0.231324 -0.108889 0.107365 0.263934 0.037471 0.049430 -0.289679 0.191113 -0.417353 0.249526 -0.039834 0.502507 0.553614 -0.083881 -0.139009 -0.086420 0.401772 -0.057198 -0.548256 0.275847 0.356797 -0.156807 0.379839
0.180440 1.000000 0.289060 -0.588033 0.102988 0.204883 -0.217335 -0.284931 0.202155 -0.141332 0.666953 0.214538 0.250783 0.120391 0.317317 0.315208 0.097233 0.116797 -0.011228 0.115861 0.253237 -0.096004 0.169234 0.149557 0.019402
0.156775 0.046767 1.000000 -0.207819 0.305735 0.179988 -0.283784 -0.458453 -0.261160 -0.194200 0.174764 0.150541 0.183921 0.113333 -0.035370 -0.278008 0.079653 0.187090 0.235317 0.007629 0.404618 0.032258 -0.181676 0.145091 -0.195294
-0.204151 -0.533684 -0.171091 1.000000 -0.360087 0.350641 0.067017 0.588183 0.249111 -0.290890 -0.207898 -0.566329 -0.131953 0.199164 -0.345337 -0.038076 -0.241256 0.166704 -0.119017 -0.176269 -0.378047 0.167460 -0.048993 0.758363 -0.080484
-0.064924 -0.013243 0.166422 -0.145856 1.000000 0.186046 0.281795 0.326686 0.019583 -0.103939 -0.505298 -0.156819 0.141043 -0.115141 0.082240 -0.149943 -0.365071 0.300476 -0.099784 -0.253064 -0.104477 -0.054382 -0.461949 -0.004302 0.549990
0.502339 0.254604 0.344845 0.442803 0.314564 1.000000 -0.525797 -0.305247 0.211958 -0.508657 0.169384 0.175533 -0.294393 0.314489 -0.301263 -0.158049 -0.269418 0.186055 -0.154430 0.193097 0.208685 -0.050260 0.367813 -0.046378 0.576104
-0.082727 -0.010679 -0.456260 0.096779 0.218643 -0.468846 1.000000 0.156632 0.226372 -0.043813 0.104332 0.317117 -0.553882 -0.057851 0.245906 0.217760 0.211981 0.063549 0.418038 -0.526142 0.068887 0.443240 0.347223 -0.817914 -0.119013
0.279625 -0.391117 -0.350376 0.656894 0.158521 -0.324146 0.178862 1.000000 0.353070 -0.406100 -0.021654 -0.191678 0.176878 0.195631 -0.013880 0.689398 -0.122694 0.259444 0.297546 0.167846 0.224285 0.177402 0.286489 0.103400 -0.008776
-0.332713 0.297950 0.079187 0.193318 -0.038526 0.068837 0.299017 0.429539 1.000000 -0.135731 -0.043374 -0.011026 0.465325 -0.131252 0.064067 0.456439 -0.284233 -0.079866 0.110585 0.606068 0.065089 0.186889 0.574414 -0.163478 0.561914
0.292889 -0.050906 -0.029975 -0.356657 -0.154472 -0.195271 0.039742 -0.307131 -0.004551 1.000000 0.101671 0.800776 -0.450052 0.446939 0.224979 -0.555633 -0.124204 0.558063 0.063955 0.295840 0.056888 0.273644 -0.388644 0.037478 -0.490070
-0.071299 0.578852 0.283452 -0.166493 -0.203627 0.041465 -0.108796 -0.215969 0.148507 0.060006 1.000000 0.327675 -0.054538 -0.153943 0.074903 -0.004277 -0.019445 -0.059997 0.188802 0.013692 -0.057113 -0.194382 0.480349 0.486268 -0.480823
0.210052 0.157324 -0.018935 -0.239596 -0.030235 0.094921 0.268779 -0.324865 -0.032001 0.816890 0.453311 1.000000 0.096749 0.305089 0.623564 0.314526 0.205519 0.016747 0.022984 0.099214 0.143478 0.172234 0.118036 -0.037602 -0.229390
-0.250633 0.266889 0.136392 -0.111112 0.092119 -0.181929 -0.531882 0.095226 0.540384 -0.504775 -0.368158 -0.072843 1.000000 -0.105220 -0.273339 -0.052354 -0.030354 0.355917 -0.649603 0.454888 -0.214389 0.484799 0.254081 0.466409 0.207568
0.238801 0.161309 -0.127557 -0.015191 0.042355 0.134730 -0.076222 0.185345 -0.272622 0.522839 -0.284588 0.180174 0.029738 1.000000 0.006147 0.001346 -0.193671 0.240305 -0.189154 0.363135 0.193305 0.014671 -0.209769 -0.092408 0.359952
0.495501 0.177614 -0.002211 -0.249876 -0.171423 -0.341558 0.258274 -0.111644 0.277177 0.037856 0.155214 0.554627 -0.382589 -0.166520 1.000000 -0.557742 -0.021627 -0.128688 -0.158570 -0.008006 -0.356428 0.412227 0.400561 -0.104828 0.136727
-0.020202 0.319424 -0.372730 0.046734 -0.525095 -0.116777 0.004751 0.588536 0.495827 -0.349630 -0.251222 0.353587 0.207945 -0.116092 -0.432116 1.000000 0.004116 -0.106183 -0.528313 0.003728 0.132546 0.046162 -0.028937 0.429120 0.075309
0.096994 0.074375 0.050449 -0.154997 -0.698528 -0.186039 0.371109 -0.005955 -0.217293 -0.125625 -0.253619 0.169400 0.172384 -0.194580 -0.038110 0.114839 1.000000 -0.097691 -0.170996 0.452354 -0.220547 0.483136 0.176543 0.351897 0.126125
-0.228857 0.095314 0.094287 0.411898 0.232485 0.085307 0.054115 0.181154 -0.102125 0.535708 -0.311899 -0.084082 0.305142 0.298707 0.011295 0.080315 0.101148 1.000000 -0.516148 0.272118 -0.165290 0.070307 0.539924 -0.096347 -0.293975
-0.032475 0.258995 0.002164 -0.017473 -0.310077 -0.225172 0.085260 0.289912 -0.047514 -0.089419 -0.067138 0.055528 -0.300590 -0.020054 -0.195747 -0.612878 -0.165455 -0.434351 1.000000 0.237664 0.068503 -0.194065 0.027643 0.242020 0.404250
-0.202615 -0.007278 -0.114256 -0.049282 -0.274395 0.195609 -0.453034 0.378274 0.592662 0.021952 -0.016237 0.107205 0.347013 0.140382 0.132494 0.165457 0.243335 0.255637 0.142903 1.000000 0.523010 -0.002182 0.166398 0.233067 -0.512928
-0.494639 0.386934 0.233613 -0.264678 -0.212407 0.074129 0.046689 0.351741 -0.155203 0.112771 -0.037494 0.061864 -0.240518 0.135906 -0.064671 0.309598 -0.179034 0.139301 -0.037493 0.418494 1.000000 -0.012857 -0.303218 -0.115842 -0.242710
0.363174 -0.214763 -0.110611 0.067297 0.303843 0.100604 0.049887 0.274887 -0.012763 0.127697 -0.223330 -0.062159 0.407722 -0.050700 0.551263 0.271667 0.462435 -0.063170 -0.299851 0.105968 0.171216 1.000000 0.093171 0.358092 -0.140012
0.465822 0.089629 -0.138557 -0.311405 -0.420339 0.376893 0.411255 0.077734 0.391688 -0.305428 0.167806 -0.130101 0.349537 -0.018343 0.216203 -0.031426 0.315402 0.327743 0.089836 0.026394 -0.249358 0.209355 1.000000 -0.462556 -0.201789
0.151535 0.096814 0.220788 0.421061 0.062998 -0.320483 -0.599277 0.046391 -0.117842 -0.026907 0.380341 0.204147 0.460907 -0.066486 -0.049030 0.338906 0.267998 -0.191514 0.232580 0.190162 0.238727 0.446660 -0.385637 1.000000 0.182902
0.345629 0.049213 0.078787 -0.161904 0.550348 0.323284 -0.073591 0.170277 0.746415 -0.377784 -0.550044 -0.120546 -0.244912 0.125820 0.221937 0.322533 0.138642 -0.350389 0.531312 -0.329179 -0.245881 -0.396431 -0.264984 0.361890 1.000000
