1.217670072568455553e-01 6.168624089741952393e-02 9.943391662091016769e-02 2.340230299159884453e-02
1.026257551946332530e-01 4.133357989425292395e-02 9.943391662091016769e-02 2.260449720779433846e-02
1.037731106277030579e-01 3.735555789235724816e-02 9.943391662091016769e-02 1.834953302750363946e-02
1.031554863445706544e-01 6.479452086366455088e-02 9.943391662091016769e-02 2.951881400076672435e-02
1.147789600918875663e-01 6.577223207517569892e-02 9.943391662091016769e-02 2.606165560428053141e-02
1.071748105751677282e-01 5.524795512823094112e-02 9.943391662091016769e-02 2.260449720779433846e-02
1.038616760511392179e-01 3.030665124323975515e-02 9.943391662091016769e-02 1.409456884721294045e-02
1.033042398031950443e-01 4.254206097930324226e-02 9.943391662091016769e-02 1.914733881130814552e-02
1.026162519750705437e-01 2.855515313879473938e-02 9.943391662091016769e-02 1.409456884721294045e-02
1.313688485161905728e-01 3.553619034457113079e-02 9.943391662091016769e-02 1.409456884721294045e-02
1.137495077761044582e-01 6.535545865906988716e-02 9.943391662091016769e-02 2.951881400076672435e-02
1.037313082086219335e-01 5.502571908320781635e-02 9.943391662091016769e-02 2.951881400076672435e-02
1.130811315502314451e-01 6.512759601226279782e-02 9.943391662091016769e-02 2.606165560428053141e-02
1.026235651990196618e-01 3.900921295737795613e-02 9.943391662091016769e-02 2.260449720779433846e-02
1.108140236368262005e-01 1.791610745443232219e-02 9.943391662091016769e-02 1.289786017150618136e-02
1.022198391861548067e-01 4.025857546486184824e-02 9.943391662091016769e-02 2.260449720779433846e-02
1.026922458470771043e-01 4.839507651817730877e-02 9.943391662091016769e-02 2.340230299159884453e-02
1.028597459849833751e-01 4.188571351802466980e-02 9.943391662091016769e-02 1.622205093735828996e-02
9.893776776273517648e-02 1.070292219234456575e-02 9.943391662091016769e-02 7.978057838045060635e-03
1.132971253156857955e-01 1.863050374157210198e-02 9.943391662091016769e-02 9.640153220971114933e-03
9.899035848943014970e-02 2.702953344453630502e-02 9.943391662091016769e-02 1.382863358594477177e-02
1.095466310123044823e-01 3.763718249043439268e-02 9.943391662091016769e-02 1.821656539686955512e-02
1.041368533029384535e-01 2.954607477554662201e-02 9.943391662091016769e-02 1.382863358594477177e-02
1.062972599057236400e-01 6.322562809050040478e-02 9.943391662091016769e-02 2.951881400076672435e-02
1.090692947246043876e-01 5.989308788841316705e-02 9.943391662091016769e-02 2.261038392316550016e-02
