1.574619143616405315e-01 5.678464886794097610e-02 1.172475849743932486e-01 2.149270061636343598e-02
1.171266927874127367e-01 2.536362409570664181e-02 1.172475849743932486e-01 1.459664694266393781e-02
1.194932935359051956e-01 3.389270511289590310e-02 1.172475849743932486e-01 1.701026572845876217e-02
1.216926207333778737e-01 6.077194562110557752e-02 1.172475849743932486e-01 3.359163226559758186e-02
1.340973815684335380e-01 4.265677551327558964e-02 1.172475849743932486e-01 2.068816102109849453e-02
1.229389827145597469e-01 4.040652024226393246e-02 1.172475849743932486e-01 1.494370735599659383e-02
1.182207051541654674e-01 2.932087427387303907e-02 1.172475849743932486e-01 1.716765167657285929e-02
1.186472156766770480e-01 4.509476855362629794e-02 1.172475849743932486e-01 2.068816102109849453e-02
1.219622606165892686e-01 3.542859806965403119e-02 1.172475849743932486e-01 1.724013418424874544e-02
1.529057582009446248e-01 3.386108944815584970e-02 1.172475849743932486e-01 1.494144962634891272e-02
1.248410912791809019e-01 6.651205889946398830e-02 1.172475849743932486e-01 2.849739510565996170e-02
1.333028087961715957e-01 5.464292653994563820e-02 1.172475849743932486e-01 2.065035933628678322e-02
1.331329363440817148e-01 6.110319820916600836e-02 1.172475849743932486e-01 2.755630703177303076e-02
1.177144912559667661e-01 3.171426739148086593e-02 1.172475849743932486e-01 1.494144962634891272e-02
1.455675673739723619e-01 2.734507804629503561e-02 1.172475849743932486e-01 1.517131808213889599e-02
1.184014502688096326e-01 3.588056399738440844e-02 1.172475849743932486e-01 1.494144962634891272e-02
1.209100524611748523e-01 3.648019874430402654e-02 1.172475849743932486e-01 1.494144962634891272e-02
1.194631073539444005e-01 2.938911568141312422e-02 1.172475849743932486e-01 1.494144962634891272e-02
1.174263436688693929e-01 4.155000005534417035e-02 1.172475849743932486e-01 2.068816102109849453e-02
1.484143040349097664e-01 3.383653574170997214e-02 1.172475849743932486e-01 1.962073359754867852e-02
1.185193985075791434e-01 4.787888649066658620e-02 1.172475849743932486e-01 2.061920939013361931e-02
1.262808540943747559e-01 3.151347458187517270e-02 1.172475849743932486e-01 1.689533150056377053e-02
1.204345434119964142e-01 3.608437878948873856e-02 1.172475849743932486e-01 1.494144962634891272e-02
1.233580885746316247e-01 5.161068270490326571e-02 1.172475849743932486e-01 2.863901981618255377e-02
1.246610874005907449e-01 5.143649431906514857e-02 1.172475849743932486e-01 2.137776638846844435e-02
