1.000000 0.492335 -0.167248 0.127664 0.355754 0.222570 0.091793 0.407091 0.078372 0.299136 0.065963 -0.065431 0.451640 0.473799 0.319907 -0.464662 -0.001159 -0.338380 -0.383933 0.302132 -0.014363 -0.124055 -0.354403 -0.090061 0.120306
0.492335 1.000000 -0.306746 -0.065985 0.289938 -0.123982 -0.046043 0.244391 -0.205225 0.370770 0.040771 -0.145215 0.255739 0.126241 -0.266528 0.157982 -0.313010 -0.004938 -0.134295 -0.173768 0.167431 -0.315227 -0.283218 -0.217643 -0.191287
-0.167248 -0.306746 1.000000 0.130097 -0.496639 -0.310196 -0.045292 -0.021578 -0.328553 0.148659 -0.126559 0.399321 -0.251987 -0.230502 0.652943 0.199699 -0.373014 -0.273373 0.505659 -0.081368 -0.158758 -0.203846 -0.037649 0.150894 0.031485
0.127664 -0.065985 0.130097 1.000000 0.283747 0.068063 -0.002041 -0.221707 0.032712 -0.293150 -0.136890 -0.497568 -0.328680 0.313773 0.019635 -0.034498 0.158361 0.029138 0.216309 -0.005073 0.146991 0.274189 -0.067492 -0.244357 0.116022
0.355754 0.289938 -0.496639 0.283747 1.000000 0.106844 -0.319414 -0.003137 0.247262 -0.536884 0.145576 -0.019384 -0.160337 0.116882 -0.121549 0.341766 0.277342 0.088516 -0.369068 -0.265954 -0.033033 -0.070037 0.284201 0.393436 0.255238
0.222570 -0.123982 -0.310196 0.068063 0.106844 1.000000 -0.197256 -0.217547 0.015697 -0.017023 0.101255 -0.367135 -0.057708 0.095175 -0.018904 -0.137178 -0.169870 -0.107636 0.590271 -0.250353 -0.132107 -0.245635 -0.104321 0.175734 -0.252104
0.091793 -0.046043 -0.045292 -0.002041 -0.319414 -0.197256 1.000000 -0.189495 0.231996 0.243824 -0.013032 -0.200801 0.192609 -0.444006 0.506559 0.060817 0.034793 0.105536 0.022269 0.059227 0.067693 -0.140894 0.471420 0.080090 -0.052657
0.407091 0.244391 -0.021578 -0.221707 -0.003137 -0.217547 -0.189495 1.000000 -0.007192 -0.057581 -0.042246 -0.096083 -0.317248 0.003973 -0.241712 -0.310857 0.427080 0.314133 0.196562 0.245742 -0.411018 0.196947 -0.180603 -0.223422 0.381874
0.078372 -0.205225 -0.328553 0.032712 0.247262 0.015697 0.231996 -0.007192 1.000000 -0.170432 0.080734 0.351866 -0.014421 0.168312 -0.247469 -0.230087 -0.070977 0.360258 -0.393645 -0.123067 -0.389873 -0.322116 0.464213 0.032107 -0.178801
0.299136 0.370770 0.148659 -0.293150 -0.536884 -0.017023 0.243824 -0.057581 -0.170432 1.000000 0.277552 -0.171621 -0.210209 -0.057865 -0.013740 0.286099 0.430511 0.042856 -0.240343 0.009579 -0.161221 -0.138792 -0.176533 -0.086811 -0.030674
0.065963 0.040771 -0.126559 -0.136890 0.145576 0.101255 -0.013032 -0.042246 0.080734 0.277552 1.000000 0.215065 0.028565 0.116710 0.289799 0.037083 -0.331736 0.090568 -0.194887 -0.236063 0.105982 -0.546338 0.080187 -0.112813 -0.214657
-0.065431 -0.145215 0.399321 -0.497568 -0.019384 -0.367135 -0.200801 -0.096083 0.351866 -0.171621 0.215065 1.000000 -0.055856 0.149851 0.218745 0.234937 -0.193508 -0.413807 -0.011073 -0.069862 0.041462 -0.118889 0.026367 0.001081 0.019336
0.451640 0.255739 -0.251987 -0.328680 -0.160337 -0.057708 0.192609 -0.317248 -0.014421 -0.210209 0.028565 -0.055856 1.000000 -0.090225 -0.176013 -0.108995 -0.094844 -0.025637 0.185023 0.149644 0.075218 0.794921 -0.186828 -0.125547 0.272800
0.473799 0.126241 -0.230502 0.313773 0.116882 0.095175 -0.444006 0.003973 0.168312 -0.057865 0.116710 0.149851 -0.090225 1.000000 -0.231941 0.032675 0.031215 -0.091828 0.112412 0.033177 0.027996 -0.264965 -0.005923 -0.316768 0.136117
0.319907 -0.266528 0.652943 0.019635 -0.121549 -0.018904 0.506559 -0.241712 -0.247469 -0.013740 0.289799 0.218745 -0.176013 -0.231941 1.000000 0.230168 -0.102025 0.128310 -0.080867 -0.241738 0.183741 -0.089274 -0.060706 -0.245371 -0.283343
-0.464662 0.157982 0.199699 -0.034498 0.341766 -0.137178 0.060817 -0.310857 -0.230087 0.286099 0.037083 0.234937 -0.108995 0.032675 0.230168 1.000000 -0.003709 0.043832 -0.096681 -0.291787 0.172531 0.251963 -0.002123 -0.221212 0.092293
-0.001159 -0.313010 -0.373014 0.158361 0.277342 -0.169870 0.034793 0.427080 -0.070977 0.430511 -0.331736 -0.193508 -0.094844 0.031215 -0.102025 -0.003709 1.000000 0.236365 -0.265645 -0.139644 0.292711 -0.058892 -0.127588 0.120740 -0.113786
-0.338380 -0.004938 -0.273373 0.029138 0.088516 -0.107636 0.105536 0.314133 0.360258 0.042856 0.090568 -0.413807 -0.025637 -0.091828 0.128310 0.043832 0.236365 1.000000 -0.143846 0.049868 0.253351 0.304309 -0.042430 -0.084122 -0.294664
-0.383933 -0.134295 0.505659 0.216309 -0.369068 0.590271 0.022269 0.196562 -0.393645 -0.240343 -0.194887 -0.011073 0.185023 0.112412 -0.080867 -0.096681 -0.265645 -0.143846 1.000000 0.063792 -0.122028 -0.111196 -0.071416 -0.076388 -0.352016
0.302132 -0.173768 -0.081368 -0.005073 -0.265954 -0.250353 0.059227 0.245742 -0.123067 0.009579 -0.236063 -0.069862 0.149644 0.033177 -0.241738 -0.291787 -0.139644 0.049868 0.063792 1.000000 0.388652 0.002165 0.261719 -0.492956 0.290571
-0.014363 0.167431 -0.158758 0.146991 -0.033033 -0.132107 0.067693 -0.411018 -0.389873 -0.161221 0.105982 0.041462 0.075218 0.027996 0.183741 0.172531 0.292711 0.253351 -0.122028 0.388652 1.000000 -0.127988 0.102663 -0.095371 -0.217441
-0.124055 -0.315227 -0.203846 0.274189 -0.070037 -0.245635 -0.140894 0.196947 -0.322116 -0.138792 -0.546338 -0.118889 0.794921 -0.264965 -0.089274 0.251963 -0.058892 0.304309 -0.111196 0.002165 -0.127988 1.000000 -0.066568 -0.041115 0.058875
-0.354403 -0.283218 -0.037649 -0.067492 0.284201 -0.104321 0.471420 -0.180603 0.464213 -0.176533 0.080187 0.026367 -0.186828 -0.005923 -0.060706 -0.002123 -0.127588 -0.042430 -0.071416 0.261719 0.102663 -0.066568 1.000000 0.125029 -0.184240
-0.090061 -0.217643 0.150894 -0.244357 0.393436 0.175734 0.080090 -0.223422 0.032107 -0.086811 -0.112813 0.001081 -0.125547 -0.316768 -0.245371 -0.221212 0.120740 -0.084122 -0.076388 -0.492956 -0.095371 -0.041115 0.125029 1.000000 0.010931
0.120306 -0.191287 0.031485 0.116022 0.255238 -0.252104 -0.052657 0.381874 -0.178801 -0.030674 -0.214657 0.019336 0.272800 0.136117 -0.283343 0.092293 -0.113786 -0.294664 -0.352016 0.290571 -0.217441 0.058875 -0.184240 0.010931 1.000000
